9.841958284378051758e-01 -4.900864139199256897e-02 7.515633944422006607e-03
9.841958284378051758e-01 -4.900864139199256897e-02 7.515633944422006607e-03
9.639667868614196777e-01 -4.067610576748847961e-02 2.482778765261173248e-02
9.639667868614196777e-01 -4.067610576748847961e-02 2.482778765261173248e-02
9.643450975418090820e-01 -4.585282877087593079e-02 -2.133463881909847260e-02
9.501389861106872559e-01 -2.913799136877059937e-02 -2.390309050679206848e-02
9.501389861106872559e-01 -2.913799136877059937e-02 -2.390309050679206848e-02
9.309054017066955566e-01 -1.072080247104167938e-02 1.731158420443534851e-02
9.501091241836547852e-01 -5.650492757558822632e-02 -1.470445189625024796e-02
9.501091241836547852e-01 -5.650492757558822632e-02 -1.470445189625024796e-02
9.216072559356689453e-01 -5.370751023292541504e-02 9.347396902740001678e-03
9.097107052803039551e-01 -1.571941771544516087e-03 3.144802153110504150e-02
9.007111787796020508e-01 -1.550927199423313141e-02 1.979043893516063690e-02
8.992676734924316406e-01 9.020429104566574097e-03 -2.500811964273452759e-02
9.174260497093200684e-01 -6.282650679349899292e-02 -1.561037916690111160e-02
9.022343158721923828e-01 -2.124348841607570648e-02 4.034800082445144653e-02
8.916618824005126953e-01 8.522666990756988525e-03 2.232902310788631439e-02
8.916618824005126953e-01 8.522666990756988525e-03 2.232902310788631439e-02
9.053702950477600098e-01 -6.119384989142417908e-02 2.351369708776473999e-02
8.966892957687377930e-01 -4.024802893400192261e-02 4.904887825250625610e-02
8.823935389518737793e-01 2.559589408338069916e-02 -1.608823053538799286e-02
8.823935389518737793e-01 2.559589408338069916e-02 -1.608823053538799286e-02
8.823935389518737793e-01 2.559589408338069916e-02 -1.608823053538799286e-02
8.810396194458007812e-01 2.506826817989349365e-02 3.284658771008253098e-03
8.900491595268249512e-01 -1.599708013236522675e-02 -5.270358547568321228e-02
8.900491595268249512e-01 -1.599708013236522675e-02 -5.270358547568321228e-02
8.807011842727661133e-01 -5.305155180394649506e-03 3.121905215084552765e-02
8.865946531295776367e-01 -3.484233841300010681e-02 -4.369409382343292236e-02
8.850018382072448730e-01 -5.685336515307426453e-02 2.364311553537845612e-02
8.850018382072448730e-01 -5.685336515307426453e-02 2.364311553537845612e-02
8.810396194458007812e-01 -5.419531464576721191e-02 -2.554570510983467102e-02
8.810396194458007812e-01 -5.419531464576721191e-02 -2.554570510983467102e-02
8.729361295700073242e-01 2.244008518755435944e-02 -3.624758124351501465e-02
8.729361295700073242e-01 2.244008518755435944e-02 -3.624758124351501465e-02
8.724682331085205078e-01 1.311203092336654663e-02 4.927784949541091919e-02
8.724682331085205078e-01 1.311203092336654663e-02 4.927784949541091919e-02
8.739117383956909180e-01 -2.517580613493919373e-02 5.704293400049209595e-02
8.739117383956909180e-01 -2.517580613493919373e-02 5.704293400049209595e-02
8.739117383956909180e-01 -2.517580613493919373e-02 5.704293400049209595e-02
8.739117383956909180e-01 -2.517580613493919373e-02 5.704293400049209595e-02
8.601436614990234375e-01 1.723349839448928833e-02 4.937228281050920486e-03
8.601436614990234375e-01 1.723349839448928833e-02 4.937228281050920486e-03
8.601535558700561523e-01 8.173146052286028862e-04 3.770986571907997131e-02
8.576747179031372070e-01 2.228080108761787415e-02 -1.539136283099651337e-02
8.576747179031372070e-01 2.228080108761787415e-02 -1.539136283099651337e-02
8.675304651260375977e-01 -2.124348841607570648e-02 -5.833824723958969116e-02
8.675304651260375977e-01 -2.124348841607570648e-02 -5.833824723958969116e-02
8.543795943260192871e-01 1.083228178322315216e-02 -5.692460387945175171e-02
8.543795943260192871e-01 1.083228178322315216e-02 -5.692460387945175171e-02
8.436875939369201660e-01 3.605885058641433716e-02 -1.414212398231029510e-03
8.436875939369201660e-01 3.605885058641433716e-02 -1.414212398231029510e-03
8.428812623023986816e-01 -4.966568574309349060e-02 -3.409724682569503784e-02
8.428812623023986816e-01 -4.966568574309349060e-02 -3.409724682569503784e-02
8.408802747726440430e-01 5.472491681575775146e-02 2.826717915013432503e-03
8.408802747726440430e-01 5.472491681575775146e-02 2.826717915013432503e-03
8.408802747726440430e-01 5.472491681575775146e-02 2.826717915013432503e-03
8.408802747726440430e-01 5.472491681575775146e-02 2.826717915013432503e-03
8.418658375740051270e-01 -1.565860025584697723e-02 -5.638702213764190674e-02
8.437871932983398438e-01 -5.832673609256744385e-02 3.986019641160964966e-02
8.437871932983398438e-01 -5.832673609256744385e-02 3.986019641160964966e-02
8.398150205612182617e-01 1.821906678378582001e-02 5.928285792469978333e-02
8.317015171051025391e-01 1.363965868949890137e-02 -4.902014881372451782e-02
8.317015171051025391e-01 1.363965868949890137e-02 -4.902014881372451782e-02
8.317015171051025391e-01 1.363965868949890137e-02 -4.902014881372451782e-02
8.386303782463073730e-01 -3.362780064344406128e-02 6.477814912796020508e-02
8.386303782463073730e-01 -3.362780064344406128e-02 6.477814912796020508e-02
8.209897279739379883e-01 -3.266213834285736084e-02 -2.118531055748462677e-02
8.272913694381713867e-01 6.169357895851135254e-02 -7.735786959528923035e-03
8.274705410003662109e-01 -4.079556837677955627e-02 4.788411408662796021e-02
8.144689798355102539e-01 -2.641025558114051819e-02 6.042258813977241516e-03
8.139314055442810059e-01 -5.982998013496398926e-02 -3.932887222617864609e-03
8.090732693672180176e-01 3.141970932483673096e-02 4.938735440373420715e-02
8.090732693672180176e-01 3.141970932483673096e-02 4.938735440373420715e-02
8.135033249855041504e-01 -1.636542379856109619e-02 -7.214616239070892334e-02
8.135033249855041504e-01 -1.636542379856109619e-02 -7.214616239070892334e-02
8.066641092300415039e-01 4.464026167988777161e-02 -3.778068721294403076e-02
8.066641092300415039e-01 4.464026167988777161e-02 -3.778068721294403076e-02
8.130155205726623535e-01 -3.924255445599555969e-02 6.611214578151702881e-02
7.988691329956054688e-01 -2.391149103641510010e-02 -9.776609949767589569e-03
7.988691329956054688e-01 -2.391149103641510010e-02 -9.776609949767589569e-03
8.101484179496765137e-01 5.058354139328002930e-02 5.096028372645378113e-02
8.105964660644531250e-01 -4.070705734193325043e-03 7.324009388685226440e-02
8.021344542503356934e-01 -4.948649182915687561e-02 -1.748196221888065338e-02
8.029109239578247070e-01 5.904548987746238708e-02 -6.809949874877929688e-03
7.943494319915771484e-01 -4.096480831503868103e-02 1.419559586793184280e-02
7.965495586395263672e-01 -4.528538137674331665e-02 -5.404753983020782471e-02
7.965495586395263672e-01 -4.528538137674331665e-02 -5.404753983020782471e-02
7.965495586395263672e-01 -4.528538137674331665e-02 -5.404753983020782471e-02
7.922688126564025879e-01 -1.621609367430210114e-02 -6.280814856290817261e-02
7.922688126564025879e-01 -1.621609367430210114e-02 -6.280814856290817261e-02
7.922190427780151367e-01 5.214650928974151611e-02 4.850133880972862244e-02
7.922190427780151367e-01 5.214650928974151611e-02 4.850133880972862244e-02
7.874903082847595215e-01 -6.387180089950561523e-02 -2.746706455945968628e-02
7.874903082847595215e-01 -6.387180089950561523e-02 -2.746706455945968628e-02
7.874903082847595215e-01 -6.387180089950561523e-02 -2.746706455945968628e-02
7.874903082847595215e-01 -6.387180089950561523e-02 -2.746706455945968628e-02
7.828114032745361328e-01 -5.107932537794113159e-02 3.807820752263069153e-02
7.828114032745361328e-01 -5.107932537794113159e-02 3.807820752263069153e-02
7.828114032745361328e-01 -5.107932537794113159e-02 3.807820752263069153e-02
7.811488509178161621e-01 -3.221415355801582336e-02 6.240880489349365234e-02
7.811488509178161621e-01 -3.221415355801582336e-02 6.240880489349365234e-02
7.811488509178161621e-01 -3.221415355801582336e-02 6.240880489349365234e-02
7.673209905624389648e-01 -3.445408493280410767e-02 1.023341249674558640e-02
7.673209905624389648e-01 -3.445408493280410767e-02 1.023341249674558640e-02
7.749068737030029297e-01 6.665129214525222778e-02 2.105475403368473053e-02
7.764797806739807129e-01 4.212050233036279678e-03 -7.480420917272567749e-02
7.770871520042419434e-01 4.825401306152343750e-02 6.218978762626647949e-02
7.770871520042419434e-01 4.825401306152343750e-02 6.218978762626647949e-02
7.705962657928466797e-01 -5.460347980260848999e-02 -4.558559134602546692e-02
7.705962657928466797e-01 -5.460347980260848999e-02 -4.558559134602546692e-02
7.727764844894409180e-01 8.028000593185424805e-02 -1.115555292926728725e-03
7.627018094062805176e-01 -3.631570935249328613e-02 -2.603350952267646790e-02
7.627018094062805176e-01 -3.631570935249328613e-02 -2.603350952267646790e-02
7.627018094062805176e-01 -3.631570935249328613e-02 -2.603350952267646790e-02
7.627018094062805176e-01 -3.631570935249328613e-02 -2.603350952267646790e-02
7.627018094062805176e-01 -3.631570935249328613e-02 -2.603350952267646790e-02
7.680676579475402832e-01 -7.239348441362380981e-02 1.435488089919090271e-02
7.680676579475402832e-01 -7.239348441362380981e-02 1.435488089919090271e-02
7.680676579475402832e-01 -7.239348441362380981e-02 1.435488089919090271e-02
7.680676579475402832e-01 -7.239348441362380981e-02 1.435488089919090271e-02
7.676097154617309570e-01 6.641127634793519974e-03 7.812811434268951416e-02
7.637669444084167480e-01 -1.442415174096822739e-02 -7.417703419923782349e-02
7.637669444084167480e-01 -1.442415174096822739e-02 -7.417703419923782349e-02
7.604618668556213379e-01 4.814450815320014954e-02 5.510165914893150330e-02
7.604618668556213379e-01 4.814450815320014954e-02 5.510165914893150330e-02
7.576146721839904785e-01 5.408778041601181030e-02 -5.587930232286453247e-02
7.474503517150878906e-01 -3.927242010831832886e-02 1.238374318927526474e-02
7.534036040306091309e-01 7.067204569466412067e-05 -7.776091992855072021e-02
7.510740756988525391e-01 -5.428491160273551941e-02 4.441969469189643860e-02
7.510740756988525391e-01 -5.428491160273551941e-02 4.441969469189643860e-02
7.479182481765747070e-01 -6.944674253463745117e-02 6.948185153305530548e-03
7.479182481765747070e-01 -6.944674253463745117e-02 6.948185153305530548e-03
7.503672242164611816e-01 1.074268482625484467e-02 7.772990316152572632e-02
7.437270879745483398e-01 -6.325457990169525146e-02 -1.122011896222829819e-02
7.348370552062988281e-01 -2.408072911202907562e-02 -7.571668829768896103e-04
7.453597784042358398e-01 4.187270626425743103e-02 -6.694953143596649170e-02
7.367285490036010742e-01 3.277362138032913208e-02 2.932755462825298309e-02
7.367285490036010742e-01 3.277362138032913208e-02 2.932755462825298309e-02
7.367285490036010742e-01 1.458540558815002441e-02 4.210012033581733704e-02
7.327365279197692871e-01 -1.333016203716397285e-03 1.261271536350250244e-02
7.450212836265563965e-01 6.953830271959304810e-02 4.382238164544105530e-02
7.450212836265563965e-01 6.953830271959304810e-02 4.382238164544105530e-02
7.367285490036010742e-01 -1.251274533569812775e-02 5.184629559516906738e-02
7.411188483238220215e-01 -4.183091223239898682e-02 5.871541053056716919e-02
7.411188483238220215e-01 -4.183091223239898682e-02 5.871541053056716919e-02
7.411188483238220215e-01 -4.183091223239898682e-02 5.871541053056716919e-02
7.411188483238220215e-01 -4.183091223239898682e-02 5.871541053056716919e-02
7.411188483238220215e-01 -4.183091223239898682e-02 5.871541053056716919e-02
7.411188483238220215e-01 -4.183091223239898682e-02 5.871541053056716919e-02
7.434981465339660645e-01 2.833358384668827057e-02 7.739143073558807373e-02
7.434981465339660645e-01 2.833358384668827057e-02 7.739143073558807373e-02
7.367285490036010742e-01 5.510321259498596191e-02 1.570879295468330383e-02
7.367285490036010742e-01 5.510321259498596191e-02 1.570879295468330383e-02
7.367285490036010742e-01 5.510321259498596191e-02 1.570879295468330383e-02
7.312531471252441406e-01 2.166357636451721191e-02 -1.424651220440864563e-02
7.325573563575744629e-01 8.054770529270172119e-03 -3.874634578824043274e-02
7.367285490036010742e-01 3.963168710470199585e-03 6.857109069824218750e-02
7.367285490036010742e-01 6.936906278133392334e-02 -8.542160503566265106e-03
7.367285490036010742e-01 6.936906278133392334e-02 -8.542160503566265106e-03
7.278882861137390137e-01 -2.139281667768955231e-02 -2.615297399461269379e-02
7.345583438873291016e-01 2.173326350748538971e-02 -7.134974747896194458e-02
7.290530800819396973e-01 -5.974038317799568176e-02 -2.496830187737941742e-02
7.290530800819396973e-01 -5.974038317799568176e-02 -2.496830187737941742e-02
7.333636879920959473e-01 7.948358356952667236e-02 2.278696373105049133e-02
7.293716669082641602e-01 -7.143778353929519653e-02 7.694827858358621597e-03
7.306857109069824219e-01 5.546160414814949036e-02 -5.690469592809677124e-02
7.244437932968139648e-01 4.172337800264358521e-02 -3.810920938849449158e-02
7.192670702934265137e-01 2.944857254624366760e-02 2.576358057558536530e-02
7.244737148284912109e-01 4.016040638089179993e-02 -6.878129392862319946e-02
7.244737148284912109e-01 4.016040638089179993e-02 -6.878129392862319946e-02
7.163103818893432617e-01 2.261927910149097443e-02 -3.802956640720367432e-02
7.216463685035705566e-01 2.089572262775618583e-05 -7.079225033521652222e-02
7.130550146102905273e-01 -7.166783791035413742e-03 1.056193653494119644e-02
7.154641747474670410e-01 1.801996119320392609e-02 3.939229995012283325e-02
7.162805199623107910e-01 -1.398612000048160553e-02 4.829227924346923828e-02
7.162805199623107910e-01 -1.398612000048160553e-02 4.829227924346923828e-02
7.234184145927429199e-01 6.130532547831535339e-02 5.671440809965133667e-02
7.121092677116394043e-01 8.323562331497669220e-03 -2.834312431514263153e-02
7.121092677116394043e-01 8.323562331497669220e-03 -2.834312431514263153e-02
7.121092677116394043e-01 8.323562331497669220e-03 -2.834312431514263153e-02
7.114024758338928223e-01 -2.410064078867435455e-02 -5.107604898512363434e-03
7.169674038887023926e-01 -3.172634914517402649e-02 5.724203959107398987e-02
7.136124968528747559e-01 4.846307262778282166e-02 2.038775198161602020e-02
7.170171737670898438e-01 -1.923253014683723450e-02 7.714255154132843018e-02
7.170171737670898438e-01 -1.923253014683723450e-02 7.714255154132843018e-02
7.121689915657043457e-01 4.062721505761146545e-03 6.468854844570159912e-02
7.121689915657043457e-01 4.062721505761146545e-03 6.468854844570159912e-02
7.130550146102905273e-01 6.946861743927001953e-02 1.851616799831390381e-02
7.160913348197937012e-01 8.410281687974929810e-02 -1.842287485487759113e-03
7.160913348197937012e-01 8.410281687974929810e-02 -1.842287485487759113e-03
7.090729475021362305e-01 -7.217446714639663696e-02 8.939232677221298218e-03
7.068330049514770508e-01 -2.057648822665214539e-02 -6.088678538799285889e-02
7.053198218345642090e-01 -6.384193897247314453e-02 -2.771594375371932983e-02
7.044736146926879883e-01 -9.984116069972515106e-03 -7.566035538911819458e-02
7.044736146926879883e-01 -9.984116069972515106e-03 -7.566035538911819458e-02
7.021042704582214355e-01 -6.455872207880020142e-02 3.996970504522323608e-02
7.021540403366088867e-01 3.648692369461059570e-02 -6.792514771223068237e-02
7.016861438751220703e-01 7.185787707567214966e-02 -3.692453727126121521e-02
6.984806060791015625e-01 5.422715470194816589e-02 -5.399776622653007507e-02
6.910340189933776855e-01 -6.364282965660095215e-02 -1.047347672283649445e-02
6.910340189933776855e-01 -6.364282965660095215e-02 -1.047347672283649445e-02
6.968677639961242676e-01 7.813962548971176147e-02 4.117428511381149292e-02
6.952749490737915039e-01 5.691506713628768921e-02 6.251831352710723877e-02
6.908548474311828613e-01 8.052888512611389160e-02 8.610709570348262787e-03
6.845432519912719727e-01 -3.194645512849092484e-03 6.735654920339584351e-02
6.850509643554687500e-01 -2.713698707520961761e-02 6.650040298700332642e-02
6.818055510520935059e-01 -6.549450755119323730e-02 -3.180754557251930237e-02
6.818055510520935059e-01 -6.549450755119323730e-02 -3.180754557251930237e-02
6.726965308189392090e-01 -2.199121750891208649e-03 -6.877133995294570923e-02
6.710837483406066895e-01 1.791045442223548889e-02 -6.777581572532653809e-02
6.710837483406066895e-01 1.791045442223548889e-02 -6.777581572532653809e-02
6.629602313041687012e-01 -2.985476516187191010e-02 1.945196092128753662e-02
6.727064251899719238e-01 8.361501246690750122e-02 2.812297083437442780e-02
6.727064251899719238e-01 8.361501246690750122e-02 2.812297083437442780e-02
6.680772304534912109e-01 6.200219318270683289e-02 5.160737410187721252e-02
6.588189005851745605e-01 -2.933709509670734406e-02 -4.689484834671020508e-03
6.601130962371826172e-01 4.462035000324249268e-02 -6.691966950893402100e-02
6.542295217514038086e-01 -2.898865938186645508e-02 -6.702917814254760742e-02
6.542295217514038086e-01 -2.898865938186645508e-02 -6.702917814254760742e-02
6.542295217514038086e-01 -2.898865938186645508e-02 -6.702917814254760742e-02
6.467232704162597656e-01 -2.985476516187191010e-02 -3.391805663704872131e-02
6.502275466918945312e-01 -5.305155180394649506e-03 6.873037666082382202e-02
6.502275466918945312e-01 -5.305155180394649506e-03 6.873037666082382202e-02
6.530249714851379395e-01 6.898081302642822266e-02 -4.773592203855514526e-02
6.496102809906005859e-01 -5.105941742658615112e-02 -5.183747783303260803e-02
6.472708582878112793e-01 -2.787367627024650574e-02 6.254817545413970947e-02
6.499089598655700684e-01 7.764187455177307129e-02 3.005428798496723175e-02
6.484057307243347168e-01 2.443113178014755249e-02 7.370799779891967773e-02
6.376540660858154297e-01 -2.403095364570617676e-02 6.062169559299945831e-03
6.376540660858154297e-01 -2.403095364570617676e-02 6.062169559299945831e-03
6.418452262878417969e-01 1.430665887892246246e-02 -7.583955675363540649e-02
6.414171457290649414e-01 3.800011798739433289e-02 -7.149907201528549194e-02
6.261756420135498047e-01 -2.394135668873786926e-02 3.288157656788825989e-02
6.300482749938964844e-01 5.744269490242004395e-02 5.618678033351898193e-02
6.280771493911743164e-01 -7.141787558794021606e-02 -8.850772865116596222e-03
6.258272528648376465e-01 7.965282350778579712e-02 -1.457503344863653183e-02
6.258272528648376465e-01 7.965282350778579712e-02 -1.457503344863653183e-02
6.258272528648376465e-01 7.965282350778579712e-02 -1.457503344863653183e-02
6.226017475128173828e-01 -6.798332184553146362e-02 1.669435948133468628e-02
6.226017475128173828e-01 -6.798332184553146362e-02 1.669435948133468628e-02
6.196749210357666016e-01 -2.902848273515701294e-02 -5.724317207932472229e-02
6.198242306709289551e-01 6.206192448735237122e-02 -4.757663980126380920e-02
6.169173121452331543e-01 5.814951658248901367e-02 2.338427864015102386e-02
6.135723590850830078e-01 -3.387667983770370483e-02 1.531058363616466522e-02
6.173354387283325195e-01 2.051763935014605522e-03 7.586827874183654785e-02
6.173354387283325195e-01 2.051763935014605522e-03 7.586827874183654785e-02
6.185997724533081055e-01 8.501870185136795044e-02 1.476304605603218079e-02
6.185997724533081055e-01 8.501870185136795044e-02 1.476304605603218079e-02
6.151751279830932617e-01 -5.742081254720687866e-02 4.338434711098670959e-02
6.151751279830932617e-01 -5.742081254720687866e-02 4.338434711098670959e-02
6.036868095397949219e-01 -3.344860300421714783e-02 -2.973685786128044128e-02
6.071612238883972168e-01 -7.306157145649194717e-03 -7.453541457653045654e-02
6.011780500411987305e-01 5.592950060963630676e-02 -1.586921326816082001e-02
5.998540520668029785e-01 -2.632065862417221069e-02 4.843165352940559387e-02
6.027509570121765137e-01 -5.905346944928169250e-02 -4.478917270898818970e-02
6.022233963012695312e-01 5.373934656381607056e-02 4.723702371120452881e-02
6.028903722763061523e-01 4.538690298795700073e-02 6.948696821928024292e-02
6.035075783729553223e-01 8.656175434589385986e-02 -2.101123798638582230e-03
5.930545926094055176e-01 -2.407077513635158539e-02 1.704279333353042603e-02
5.930545926094055176e-01 -2.407077513635158539e-02 1.704279333353042603e-02
5.955433845520019531e-01 5.741282925009727478e-02 2.650026790797710419e-02
5.966285467147827148e-01 -5.755023285746574402e-02 4.735649004578590393e-02
5.943886041641235352e-01 2.155406959354877472e-02 -7.201673835515975952e-02
5.943886041641235352e-01 2.155406959354877472e-02 -7.201673835515975952e-02
5.954537987709045410e-01 7.464534044265747070e-02 3.447441384196281433e-02
5.930247306823730469e-01 6.533719599246978760e-02 -5.542136356234550476e-02
5.853592157363891602e-01 4.699965566396713257e-02 4.749586433172225952e-02
5.843536853790283203e-01 -2.939682640135288239e-02 6.194090843200683594e-02
5.843536853790283203e-01 -2.939682640135288239e-02 6.194090843200683594e-02
5.821238160133361816e-01 -6.528545171022415161e-02 -3.296235203742980957e-02
5.796946883201599121e-01 -6.028792262077331543e-02 3.594778850674629211e-02
5.788982510566711426e-01 7.292308658361434937e-02 -3.235508129000663757e-02
5.788982510566711426e-01 7.292308658361434937e-02 -3.235508129000663757e-02
5.771262645721435547e-01 3.867707401514053345e-02 -6.500826030969619751e-02
5.764990448951721191e-01 1.896570809185504913e-02 -7.039404660463333130e-02
5.764990448951721191e-01 1.896570809185504913e-02 -7.039404660463333130e-02
5.688534379005432129e-01 2.594432793557643890e-02 7.422566413879394531e-02
5.651700496673583984e-01 -2.129326388239860535e-02 5.909371376037597656e-02
5.651700496673583984e-01 -2.129326388239860535e-02 5.909371376037597656e-02
5.689828395843505859e-01 5.818933621048927307e-02 6.353374570608139038e-02
5.632784962654113770e-01 -5.970055982470512390e-02 -3.145911172032356262e-02
5.624322891235351562e-01 6.955821812152862549e-02 -1.414695940911769867e-02
5.624322891235351562e-01 6.955821812152862549e-02 -1.414695940911769867e-02
5.624322891235351562e-01 6.955821812152862549e-02 -1.414695940911769867e-02
5.578230619430541992e-01 8.292809873819351196e-02 2.290642820298671722e-02
5.578230619430541992e-01 8.292809873819351196e-02 2.290642820298671722e-02
5.578230619430541992e-01 8.292809873819351196e-02 2.290642820298671722e-02
5.578230619430541992e-01 8.292809873819351196e-02 2.290642820298671722e-02
5.543984174728393555e-01 -4.194042086601257324e-02 -5.788030475378036499e-02
5.543984174728393555e-01 -4.194042086601257324e-02 -5.788030475378036499e-02
5.543984174728393555e-01 -4.194042086601257324e-02 -5.788030475378036499e-02
5.527160167694091797e-01 2.085720375180244446e-02 -7.327110320329666138e-02
5.527160167694091797e-01 2.085720375180244446e-02 -7.327110320329666138e-02
5.509240627288818359e-01 -8.640158921480178833e-03 7.249345630407333374e-02
5.509240627288818359e-01 -8.640158921480178833e-03 7.249345630407333374e-02
5.509240627288818359e-01 -8.640158921480178833e-03 7.249345630407333374e-02
5.505258440971374512e-01 4.999618232250213623e-02 -5.366924032568931580e-02
5.505258440971374512e-01 4.999618232250213623e-02 -5.366924032568931580e-02
5.455979704856872559e-01 -7.121876627206802368e-02 -2.758169081062078476e-03
5.455979704856872559e-01 -7.121876627206802368e-02 -2.758169081062078476e-03
5.455979704856872559e-01 -7.121876627206802368e-02 -2.758169081062078476e-03
5.434975028038024902e-01 5.696484446525573730e-02 6.090556457638740540e-02
5.419046282768249512e-01 2.155406959354877472e-02 7.400665432214736938e-02
5.419046282768249512e-01 2.155406959354877472e-02 7.400665432214736938e-02
5.357124805450439453e-01 5.399818345904350281e-02 4.477808251976966858e-02
5.357124805450439453e-01 5.399818345904350281e-02 4.477808251976966858e-02
5.314515829086303711e-01 1.636739261448383331e-02 -6.963744014501571655e-02
5.253390669822692871e-01 -2.433956600725650787e-02 2.091538161039352417e-02
5.230792760848999023e-01 -2.453867159783840179e-02 -1.344525837339460850e-03
5.279672741889953613e-01 3.900559991598129272e-02 -7.151898741722106934e-02
5.279672741889953613e-01 3.900559991598129272e-02 -7.151898741722106934e-02
5.256775617599487305e-01 -6.388176232576370239e-02 4.175169020891189575e-02
5.233879089355468750e-01 -3.518081456422805786e-02 -5.933377146720886230e-02
5.232385396957397461e-01 5.266418308019638062e-02 6.277714669704437256e-02
5.232385396957397461e-01 5.266418308019638062e-02 6.277714669704437256e-02
5.219941735267639160e-01 7.441636919975280762e-02 -3.771099820733070374e-02
5.219941735267639160e-01 7.441636919975280762e-02 -3.771099820733070374e-02
5.219941735267639160e-01 7.441636919975280762e-02 -3.771099820733070374e-02
5.208492875099182129e-01 6.831380724906921387e-02 4.919820651412010193e-02
5.180319547653198242e-01 3.092194721102714539e-02 7.052231580018997192e-02
5.136815309524536133e-01 -5.417540669441223145e-02 3.113940916955471039e-02
5.136815309524536133e-01 -5.417540669441223145e-02 3.113940916955471039e-02
5.136815309524536133e-01 -5.417540669441223145e-02 3.113940916955471039e-02
5.136815309524536133e-01 -5.417540669441223145e-02 3.113940916955471039e-02
5.123475193977355957e-01 -3.326940909028053284e-02 -3.872643411159515381e-02
5.070314407348632812e-01 -3.111907839775085449e-02 3.332956135272979736e-02
5.070314407348632812e-01 -3.111907839775085449e-02 3.332956135272979736e-02
5.070314407348632812e-01 -3.111907839775085449e-02 3.332956135272979736e-02
5.107646584510803223e-01 8.268916606903076172e-02 2.268741279840469360e-02
5.077581405639648438e-01 7.291312515735626221e-02 3.680393844842910767e-02
5.058666467666625977e-01 -4.613157361745834351e-02 -5.466476455330848694e-02
5.033679008483886719e-01 1.007568370550870895e-02 7.389714568853378296e-02
5.037461519241333008e-01 4.892101138830184937e-02 -6.383354216814041138e-02
4.987088739871978760e-01 5.640735104680061340e-02 -1.760142669081687927e-02
4.990473389625549316e-01 1.114089414477348328e-02 -7.458519190549850464e-02
4.990473389625549316e-01 1.114089414477348328e-02 -7.458519190549850464e-02
4.999333620071411133e-01 7.427699863910675049e-02 -3.651637211441993713e-02
4.937113225460052490e-01 -2.077559195458889008e-02 -6.586441397666931152e-02
4.937113225460052490e-01 -2.077559195458889008e-02 -6.586441397666931152e-02
4.934026896953582764e-01 5.340087041258811951e-02 5.132862553000450134e-02
4.934026896953582764e-01 5.340087041258811951e-02 5.132862553000450134e-02
4.935619533061981201e-01 3.301254659891128540e-02 6.753575056791305542e-02
4.927854835987091064e-01 -5.592752620577812195e-02 -4.254924133419990540e-02
4.927854835987091064e-01 -5.592752620577812195e-02 -4.254924133419990540e-02
4.880467951297760010e-01 -6.441934406757354736e-02 4.317529127001762390e-02
4.873797893524169922e-01 8.234073966741561890e-02 5.206019151955842972e-03
4.852792322635650635e-01 7.009470835328102112e-03 8.192106336355209351e-02
4.832383990287780762e-01 -4.168158769607543945e-02 -5.602863430976867676e-02
4.826112389564514160e-01 5.105143412947654724e-02 -4.069756716489791870e-02
4.826112389564514160e-01 5.105143412947654724e-02 -4.069756716489791870e-02
4.804708659648895264e-01 -6.360301375389099121e-02 -2.011014521121978760e-02
4.804708659648895264e-01 -6.360301375389099121e-02 -2.011014521121978760e-02
4.804310500621795654e-01 5.313207581639289856e-02 -6.024965271353721619e-02
4.804310500621795654e-01 5.313207581639289856e-02 -6.024965271353721619e-02
4.784897565841674805e-01 3.833750961348414421e-03 -7.639704644680023193e-02
4.762398898601531982e-01 -2.067603915929794312e-02 7.243372499942779541e-02
4.746868610382080078e-01 -5.344867333769798279e-02 3.598761186003684998e-02
4.746868610382080078e-01 -5.344867333769798279e-02 3.598761186003684998e-02
4.750054180622100830e-01 6.769659370183944702e-02 -3.249445557594299316e-02
4.750054180622100830e-01 6.769659370183944702e-02 -3.249445557594299316e-02
4.698187708854675293e-01 3.411757946014404297e-02 7.084088027477264404e-02
4.684947133064270020e-01 2.464019320905208588e-02 -6.928901374340057373e-02
4.684947133064270020e-01 2.464019320905208588e-02 -6.928901374340057373e-02
4.681562483310699463e-01 7.401816546916961670e-02 1.592780835926532745e-02
4.681562483310699463e-01 7.401816546916961670e-02 1.592780835926532745e-02
4.681562483310699463e-01 7.401816546916961670e-02 1.592780835926532745e-02
4.625613987445831299e-01 7.683549076318740845e-02 3.379745781421661377e-02
4.625613987445831299e-01 7.683549076318740845e-02 3.379745781421661377e-02
4.594055712223052979e-01 6.093589588999748230e-03 -7.358966767787933350e-02
4.582507610321044922e-01 -1.824696175754070282e-02 6.616192311048507690e-02
4.577131867408752441e-01 7.823918014764785767e-02 -1.208622567355632782e-02
4.577131867408752441e-01 7.823918014764785767e-02 -1.208622567355632782e-02
4.577131867408752441e-01 7.823918014764785767e-02 -1.208622567355632782e-02
4.493109583854675293e-01 7.712419331073760986e-02 1.332949195057153702e-02
4.444030225276947021e-01 -2.985476516187191010e-02 9.496726095676422119e-03
4.478574991226196289e-01 -3.871601074934005737e-03 7.421571016311645508e-02
4.478574991226196289e-01 -3.871601074934005737e-03 7.421571016311645508e-02
4.418146610260009766e-01 6.919873412698507309e-03 -6.993609666824340820e-02
4.394154548645019531e-01 6.032971665263175964e-02 -1.914448849856853485e-02
4.388181567192077637e-01 4.832369834184646606e-02 -5.686487257480621338e-02
4.328051805496215820e-01 -2.505634352564811707e-02 -4.629753530025482178e-03
4.328051805496215820e-01 -2.505634352564811707e-02 -4.629753530025482178e-03
4.328051805496215820e-01 -2.505634352564811707e-02 -4.629753530025482178e-03
4.354532957077026367e-01 -2.985476516187191010e-02 6.574380397796630859e-02
4.300774633884429932e-01 1.526236161589622498e-02 7.244367897510528564e-02
4.300774633884429932e-01 1.526236161589622498e-02 7.244367897510528564e-02
4.306548535823822021e-01 8.467026799917221069e-02 -5.237022880464792252e-03
4.306548535823822021e-01 8.467026799917221069e-02 -5.237022880464792252e-03
4.306548535823822021e-01 8.467026799917221069e-02 -5.237022880464792252e-03
4.179619252681732178e-01 4.412258788943290710e-02 6.990509480237960815e-02
4.122177660465240479e-01 -2.961584180593490601e-02 -3.736256808042526245e-02
4.122177660465240479e-01 -2.961584180593490601e-02 -3.736256808042526245e-02
4.122177660465240479e-01 -2.961584180593490601e-02 -3.736256808042526245e-02
4.122177660465240479e-01 -2.961584180593490601e-02 -3.736256808042526245e-02
4.135019779205322266e-01 -4.542475566267967224e-02 5.128880590200424194e-02
4.075188934803009033e-01 3.058346733450889587e-02 7.551984488964080811e-02
4.026010036468505859e-01 -3.296079859137535095e-02 2.050209557637572289e-03
4.026010036468505859e-01 -3.296079859137535095e-02 2.050209557637572289e-03
4.019140899181365967e-01 -6.449899077415466309e-02 -4.039005580125376582e-05
3.997637629508972168e-01 -3.666414692997932434e-02 -6.343533843755722046e-02
3.997637629508972168e-01 -3.666414692997932434e-02 -6.343533843755722046e-02
3.997637629508972168e-01 -3.666414692997932434e-02 -6.343533843755722046e-02
3.962097465991973877e-01 4.937895759940147400e-02 2.877006120979785919e-02
3.962097465991973877e-01 4.937895759940147400e-02 2.877006120979785919e-02
3.946169018745422363e-01 -3.056159056723117828e-02 -2.979658916592597961e-02
3.967373669147491455e-01 -4.750539734959602356e-02 5.582839250564575195e-02
3.932729363441467285e-01 5.378912389278411865e-02 -4.382351413369178772e-02
3.932729363441467285e-01 5.378912389278411865e-02 -4.382351413369178772e-02
3.909533619880676270e-01 -1.897369511425495148e-02 -6.938856840133666992e-02
3.892510235309600830e-01 7.489422708749771118e-02 4.797854460775852203e-03
3.888627588748931885e-01 2.077756077051162720e-02 -7.871662080287933350e-02
3.888627588748931885e-01 2.077756077051162720e-02 -7.871662080287933350e-02
3.833973407745361328e-01 -2.502647787332534790e-02 2.401145733892917633e-02
3.833973407745361328e-01 -2.502647787332534790e-02 2.401145733892917633e-02
3.831185996532440186e-01 -7.296093553304672241e-02 -1.779057458043098450e-02
3.831185996532440186e-01 -7.296093553304672241e-02 -1.779057458043098450e-02
3.831185996532440186e-01 -7.296093553304672241e-02 -1.779057458043098450e-02
3.804406523704528809e-01 3.614844381809234619e-02 6.908876448869705200e-02
3.770757913589477539e-01 -7.127849757671356201e-02 1.633597351610660553e-02
3.770757913589477539e-01 -7.127849757671356201e-02 1.633597351610660553e-02
3.770757913589477539e-01 -7.127849757671356201e-02 1.633597351610660553e-02
3.770757913589477539e-01 -7.127849757671356201e-02 1.633597351610660553e-02
3.775436580181121826e-01 6.996638327836990356e-02 4.730671271681785583e-02
3.775436580181121826e-01 6.996638327836990356e-02 4.730671271681785583e-02
3.775436580181121826e-01 6.996638327836990356e-02 4.730671271681785583e-02
3.734520971775054932e-01 5.348051339387893677e-02 -6.489875167608261108e-02
3.723072111606597900e-01 -5.406589806079864502e-02 6.400164216756820679e-02
3.723072111606597900e-01 -5.406589806079864502e-02 6.400164216756820679e-02
3.673295974731445312e-01 -2.927736379206180573e-02 -2.831326052546501160e-02
3.704654872417449951e-01 8.092709630727767944e-02 2.593281865119934082e-02
3.704654872417449951e-01 8.092709630727767944e-02 2.593281865119934082e-02
3.684644997119903564e-01 9.119980968534946442e-03 7.641582190990447998e-02
3.690120279788970947e-01 8.602418005466461182e-02 -2.215096913278102875e-02
3.690120279788970947e-01 8.602418005466461182e-02 -2.215096913278102875e-02
3.661449253559112549e-01 8.754732459783554077e-02 7.854112423956394196e-03
3.661449253559112549e-01 8.754732459783554077e-02 7.854112423956394196e-03
3.613863289356231689e-01 5.519281327724456787e-02 -3.233517333865165710e-02
3.613863289356231689e-01 5.519281327724456787e-02 -3.233517333865165710e-02
3.624615073204040527e-01 -3.808774799108505249e-02 6.745610386133193970e-02
3.579816520214080811e-01 -4.932720586657524109e-02 4.673926532268524170e-02
3.579816520214080811e-01 -4.932720586657524109e-02 4.673926532268524170e-02
3.579816520214080811e-01 -4.932720586657524109e-02 4.673926532268524170e-02
3.546167612075805664e-01 7.690517604351043701e-02 -4.207139089703559875e-02
3.546167612075805664e-01 7.690517604351043701e-02 -4.207139089703559875e-02
3.502663373947143555e-01 3.812953829765319824e-02 6.946706026792526245e-02
3.481657803058624268e-01 -7.040244340896606445e-02 4.877013340592384338e-02
3.481657803058624268e-01 -7.040244340896606445e-02 4.877013340592384338e-02
3.481657803058624268e-01 -7.040244340896606445e-02 4.877013340592384338e-02
3.428596258163452148e-01 -2.394135668873786926e-02 -6.974355201236903667e-04
3.462344408035278320e-01 3.254465013742446899e-02 -7.187737524509429932e-02
3.462344408035278320e-01 3.254465013742446899e-02 -7.187737524509429932e-02
3.462344408035278320e-01 3.254465013742446899e-02 -7.187737524509429932e-02
3.458860218524932861e-01 -1.512101665139198303e-02 7.464378327131271362e-02
3.458860218524932861e-01 -1.512101665139198303e-02 7.464378327131271362e-02
3.416948616504669189e-01 8.273785933852195740e-03 -7.007547467947006226e-02
3.406993448734283447e-01 6.150443106889724731e-02 -5.551096051931381226e-02
3.406993448734283447e-01 6.150443106889724731e-02 -5.551096051931381226e-02
3.381408452987670898e-01 5.051385238766670227e-02 4.155258461833000183e-02
3.400821089744567871e-01 -5.119879171252250671e-02 -6.544628739356994629e-02
3.400821089744567871e-01 -5.119879171252250671e-02 -6.544628739356994629e-02
3.400821089744567871e-01 -5.119879171252250671e-02 -6.544628739356994629e-02
3.375136852264404297e-01 1.731313951313495636e-02 7.516145706176757812e-02
3.362891972064971924e-01 -3.010364621877670288e-02 7.228439301252365112e-02
3.323468863964080811e-01 -3.063127584755420685e-02 3.864565491676330566e-02
3.367471396923065186e-01 -6.721676141023635864e-02 7.201559841632843018e-02
3.307739794254302979e-01 -2.985476516187191010e-02 -3.916446492075920105e-02
3.307739794254302979e-01 -2.985476516187191010e-02 -3.916446492075920105e-02
3.302065134048461914e-01 7.785092294216156006e-02 -1.149886660277843475e-02
3.307540714740753174e-01 -8.173149079084396362e-02 1.879491657018661499e-02
3.275484740734100342e-01 7.888627797365188599e-02 1.018363703042268753e-02
3.245320618152618408e-01 5.453576520085334778e-02 -2.824357338249683380e-02
3.245320618152618408e-01 5.453576520085334778e-02 -2.824357338249683380e-02
3.245320618152618408e-01 5.453576520085334778e-02 -2.824357338249683380e-02
3.241736590862274170e-01 -2.957601845264434814e-02 5.954169854521751404e-02
3.241736590862274170e-01 -2.957601845264434814e-02 5.954169854521751404e-02
3.230785727500915527e-01 -4.309631418436765671e-03 -7.767131924629211426e-02
3.216549754142761230e-01 7.173840701580047607e-02 -3.744221106171607971e-02
3.202811479568481445e-01 -3.821716085076332092e-02 -5.867672711610794067e-02
3.202811479568481445e-01 -3.821716085076332092e-02 -5.867672711610794067e-02
3.202811479568481445e-01 -3.821716085076332092e-02 -5.867672711610794067e-02
3.202811479568481445e-01 -3.821716085076332092e-02 -5.867672711610794067e-02
3.184294700622558594e-01 6.855273991823196411e-02 4.413099214434623718e-02
3.184991776943206787e-01 -4.658951610326766968e-02 7.310072332620620728e-02
3.184991776943206787e-01 -4.658951610326766968e-02 7.310072332620620728e-02
3.101567029953002930e-01 -2.610164321959018707e-02 -1.160837430506944656e-02
3.127848505973815918e-01 1.655654236674308777e-02 -6.802469491958618164e-02
3.125260174274444580e-01 1.061326637864112854e-02 7.881502807140350342e-02
3.125260174274444580e-01 1.061326637864112854e-02 7.881502807140350342e-02
3.085837662220001221e-01 -3.418529406189918518e-02 8.680396713316440582e-03
3.085837662220001221e-01 -3.418529406189918518e-02 8.680396713316440582e-03
3.118192255496978760e-01 4.995635896921157837e-02 5.780948698520660400e-02
3.118192255496978760e-01 4.995635896921157837e-02 5.780948698520660400e-02
3.076380193233489990e-01 -8.122377842664718628e-02 -9.119563736021518707e-03
3.070406913757324219e-01 5.564079806208610535e-02 -5.410727113485336304e-02
3.070406913757324219e-01 5.564079806208610535e-02 -5.410727113485336304e-02
3.070406913757324219e-01 5.564079806208610535e-02 -5.410727113485336304e-02
3.030586242675781250e-01 5.771148577332496643e-02 -1.372883934527635574e-02
3.018938302993774414e-01 8.259958028793334961e-02 -1.648643799126148224e-02
3.018938302993774414e-01 8.259958028793334961e-02 -1.648643799126148224e-02
3.001815378665924072e-01 -3.220419958233833313e-02 -7.034426927566528320e-02
3.001815378665924072e-01 -3.220419958233833313e-02 -7.034426927566528320e-02
2.952138781547546387e-01 -1.337885111570358276e-02 -6.388331949710845947e-02
2.952138781547546387e-01 -1.337885111570358276e-02 -6.388331949710845947e-02
2.936210334300994873e-01 -4.241827130317687988e-02 -5.555078387260437012e-02
2.936210334300994873e-01 -4.241827130317687988e-02 -5.555078387260437012e-02
2.926752865314483643e-01 -2.776416763663291931e-02 6.638094037771224976e-02
2.926752865314483643e-01 -2.776416763663291931e-02 6.638094037771224976e-02
2.948256433010101318e-01 -6.872000545263290405e-02 7.639590650796890259e-02
2.873392701148986816e-01 -3.418529406189918518e-02 1.753060147166252136e-02
2.873392701148986816e-01 -3.418529406189918518e-02 1.753060147166252136e-02
2.894299030303955078e-01 7.606784813106060028e-03 7.660496234893798828e-02
2.894299030303955078e-01 7.606784813106060028e-03 7.660496234893798828e-02
-1.279138624668121338e-01 8.554412983357906342e-03 8.752198219299316406e-01
-1.595396995544433594e-01 1.665318268351256847e-03 9.033961296081542969e-01
-7.084135711193084717e-02 -1.344269700348377228e-02 8.263762593269348145e-01
-1.494110524654388428e-01 -5.573730915784835815e-03 8.836786746978759766e-01
-1.494110524654388428e-01 -5.573730915784835815e-03 8.836786746978759766e-01
-1.855063140392303467e-01 9.954228997230529785e-03 9.590088129043579102e-01
-1.956549733877182007e-01 9.634272195398807526e-03 9.801060557365417480e-01
-1.956549733877182007e-01 9.634272195398807526e-03 9.801060557365417480e-01
-2.119128406047821045e-01 5.744782276451587677e-03 9.674677252769470215e-01
-2.119128406047821045e-01 5.744782276451587677e-03 9.674677252769470215e-01
-6.368229538202285767e-02 -1.271279249340295792e-02 7.941305041313171387e-01
-1.785572171211242676e-01 -2.944076200947165489e-03 8.725401759147644043e-01
-1.785572171211242676e-01 -2.944076200947165489e-03 8.725401759147644043e-01
-1.785572171211242676e-01 -2.944076200947165489e-03 8.725401759147644043e-01
-1.763274967670440674e-01 -1.334287691861391068e-03 8.476234674453735352e-01
-2.060735970735549927e-01 -2.354153664782643318e-03 8.904678225517272949e-01
-1.532705426216125488e-01 5.354667664505541325e-04 8.225167393684387207e-01
-1.532705426216125488e-01 5.354667664505541325e-04 8.225167393684387207e-01
-1.532705426216125488e-01 5.354667664505541325e-04 8.225167393684387207e-01
-1.532705426216125488e-01 5.354667664505541325e-04 8.225167393684387207e-01
-1.085364073514938354e-01 -8.563337847590446472e-03 7.765527367591857910e-01
-1.315633803606033325e-01 -3.753969911485910416e-03 7.793824076652526855e-01
-1.818067878484725952e-01 -8.563337847590446472e-03 8.048690557479858398e-01
-7.046141475439071655e-02 -7.203517016023397446e-03 7.236997485160827637e-01
-4.926419258117675781e-02 -2.103170007467269897e-02 6.999028325080871582e-01
-4.926419258117675781e-02 -2.103170007467269897e-02 6.999028325080871582e-01
-9.262850135564804077e-02 -2.093171328306198120e-02 7.091216444969177246e-01
-9.262850135564804077e-02 -2.093171328306198120e-02 7.091216444969177246e-01
-9.262850135564804077e-02 -2.093171328306198120e-02 7.091216444969177246e-01
-1.653889417648315430e-01 -1.517247036099433899e-02 7.311787009239196777e-01
-8.609535172581672668e-03 -1.269279606640338898e-02 6.813452839851379395e-01
-1.086263954639434814e-01 -7.413488812744617462e-03 6.920238733291625977e-01
-1.431118696928024292e-01 -1.314273662865161896e-02 7.007227540016174316e-01
-1.431118696928024292e-01 -1.314273662865161896e-02 7.007227540016174316e-01
-2.087792567908763885e-02 -2.518115378916263580e-02 6.588482260704040527e-01
-2.087792567908763885e-02 -2.518115378916263580e-02 6.588482260704040527e-01
-1.218146607279777527e-01 -2.239152044057846069e-02 6.744861602783203125e-01
-5.552336946129798889e-02 -2.544112130999565125e-02 6.440002322196960449e-01
1.992671564221382141e-02 -2.388132549822330475e-02 6.395307779312133789e-01
-1.908816024661064148e-02 -2.229153364896774292e-02 6.327916383743286133e-01
-1.908816024661064148e-02 -2.229153364896774292e-02 6.327916383743286133e-01
-8.176992088556289673e-02 -4.174898192286491394e-02 6.278023123741149902e-01
-5.344364419579505920e-02 -2.751084975898265839e-02 6.177636384963989258e-01
-1.197249367833137512e-01 -1.971187256276607513e-02 6.275823712348937988e-01
-1.197249367833137512e-01 -1.971187256276607513e-02 6.275823712348937988e-01
-9.053876996040344238e-02 -5.695698037743568420e-02 6.177036762237548828e-01
-9.053876996040344238e-02 -5.695698037743568420e-02 6.177036762237548828e-01
-1.420220136642456055e-01 -3.874937444925308228e-02 6.256825923919677734e-01
-1.420220136642456055e-01 -3.874937444925308228e-02 6.256825923919677734e-01
-1.265440434217453003e-01 -4.829812049865722656e-02 6.121343970298767090e-01
-1.621093750000000000e-01 -4.716826975345611572e-02 6.186634898185729980e-01
-1.621093750000000000e-01 -4.716826975345611572e-02 6.186634898185729980e-01
-1.410321444272994995e-01 -3.499986603856086731e-02 6.009058952331542969e-01
-2.315762452781200409e-02 -3.302012756466865540e-02 5.627608895301818848e-01
-2.315762452781200409e-02 -3.302012756466865540e-02 5.627608895301818848e-01
-9.718789160251617432e-02 -2.785080485045909882e-02 5.700199604034423828e-01
-6.306237727403640747e-02 -2.794079110026359558e-02 5.599812269210815430e-01
1.239770557731389999e-02 -3.404999151825904846e-02 5.546818971633911133e-01
-1.168153136968612671e-01 -2.254150062799453735e-02 5.677602291107177734e-01
4.449348896741867065e-02 -3.702959790825843811e-02 5.551418662071228027e-01
4.181383922696113586e-02 -2.649098262190818787e-02 5.328748226165771484e-01
8.223853260278701782e-02 -2.947059087455272675e-02 5.353244543075561523e-01
8.223853260278701782e-02 -2.947059087455272675e-02 5.353244543075561523e-01
-7.172124087810516357e-02 -2.941059879958629608e-02 5.314649939537048340e-01
-1.895817555487155914e-02 -3.102038614451885223e-02 5.200265049934387207e-01
-1.895817555487155914e-02 -3.102038614451885223e-02 5.200265049934387207e-01
5.747178569436073303e-02 -2.155163139104843140e-02 5.196065306663513184e-01
-4.679451882839202881e-02 -3.046046011149883270e-02 5.009790062904357910e-01
-4.679451882839202881e-02 -3.046046011149883270e-02 5.009790062904357910e-01
-1.918814703822135925e-02 -3.920931369066238403e-02 4.867408871650695801e-01
5.346231162548065186e-02 -3.628969565033912659e-02 4.762222766876220703e-01
-4.455481097102165222e-02 -3.982923179864883423e-02 4.659936130046844482e-01
7.297974824905395508e-02 -4.432864114642143250e-02 4.690232276916503906e-01
-2.096791192889213562e-02 -4.498855769634246826e-02 4.592545032501220703e-01
-2.096791192889213562e-02 -4.498855769634246826e-02 4.592545032501220703e-01
9.448092430830001831e-03 -3.691961243748664856e-02 4.528553485870361328e-01
-3.830163041129708290e-03 -2.791079692542552948e-02 4.371773898601531982e-01
1.913681812584400177e-02 -5.749690905213356018e-02 4.341477751731872559e-01
4.425352066755294800e-02 -2.709090337157249451e-02 4.327579736709594727e-01
4.425352066755294800e-02 -2.709090337157249451e-02 4.327579736709594727e-01
-4.575465619564056396e-02 -3.146033361554145813e-02 4.309481978416442871e-01
7.313972711563110352e-02 -4.125904291868209839e-02 4.288785159587860107e-01
-8.735918998718261719e-02 -7.008524984121322632e-02 4.335178732872009277e-01
-8.735918998718261719e-02 -7.008524984121322632e-02 4.335178732872009277e-01
-1.104661524295806885e-01 -5.515721812844276428e-02 4.268287718296051025e-01
-2.758704125881195068e-02 -7.172503322362899780e-02 4.151702821254730225e-01
-5.818302184343338013e-02 -4.072911664843559265e-02 4.113107919692993164e-01
1.034057512879371643e-01 -4.982791841030120850e-02 3.971726596355438232e-01
1.034057512879371643e-01 -4.982791841030120850e-02 3.971726596355438232e-01
9.037745743989944458e-02 -3.136034309864044189e-02 3.912834227085113525e-01
-6.379827857017517090e-03 -3.478989377617835999e-02 3.807248175144195557e-01
4.771306738257408142e-02 -3.267017379403114319e-02 3.816946744918823242e-01
8.006881177425384521e-02 -5.210761725902557373e-02 3.762254118919372559e-01
8.006881177425384521e-02 -5.210761725902557373e-02 3.762254118919372559e-01
-5.050002597272396088e-03 -4.939797520637512207e-02 3.659067451953887939e-01
1.278125345706939697e-01 -3.258018568158149719e-02 3.747955858707427979e-01
-3.085661306977272034e-02 -4.541849717497825623e-02 3.600275218486785889e-01
-4.340096376836299896e-03 -4.425865039229393005e-02 3.464093208312988281e-01
1.471000015735626221e-01 -5.135771632194519043e-02 3.588276803493499756e-01
-5.330366268754005432e-02 -4.566846787929534912e-02 3.396002054214477539e-01
-5.330366268754005432e-02 -4.566846787929534912e-02 3.396002054214477539e-01
-5.330366268754005432e-02 -4.566846787929534912e-02 3.396002054214477539e-01
1.304321885108947754e-01 -3.470990434288978577e-02 3.483590483665466309e-01
9.802646189928054810e-02 -8.650309592485427856e-02 3.453794717788696289e-01
9.802646189928054810e-02 -8.650309592485427856e-02 3.453794717788696289e-01
9.802646189928054810e-02 -8.650309592485427856e-02 3.453794717788696289e-01
5.976148694753646851e-02 -5.780686810612678528e-02 3.357907235622406006e-01
1.762701757252216339e-02 -1.023310199379920959e-01 3.379404246807098389e-01
9.820643067359924316e-02 -4.141902178525924683e-02 3.359507024288177490e-01
5.058268830180168152e-02 -1.148593723773956299e-01 3.390003144741058350e-01
5.058268830180168152e-02 -1.148593723773956299e-01 3.390003144741058350e-01
5.058268830180168152e-02 -1.148593723773956299e-01 3.390003144741058350e-01
5.058268830180168152e-02 -1.148593723773956299e-01 3.390003144741058350e-01
1.734965294599533081e-01 -4.780818521976470947e-02 3.463293313980102539e-01
1.734965294599533081e-01 -4.780818521976470947e-02 3.463293313980102539e-01
1.532592028379440308e-01 -5.740692466497421265e-02 3.397901952266693115e-01
1.532592028379440308e-01 -5.740692466497421265e-02 3.397901952266693115e-01
-4.007540270686149597e-02 -4.637837409973144531e-02 3.207526803016662598e-01
-7.531077414751052856e-02 -9.758163988590240479e-02 3.288616240024566650e-01
1.330518424510955811e-01 -7.590448856353759766e-02 3.336509764194488525e-01
1.330518424510955811e-01 -7.590448856353759766e-02 3.336509764194488525e-01
-1.217646673321723938e-01 -9.807157516479492188e-02 3.280617296695709229e-01
-9.609804302453994751e-02 -8.485331386327743530e-02 3.201427757740020752e-01
1.475999355316162109e-01 -9.071254730224609375e-02 3.301814794540405273e-01
9.718057699501514435e-03 -4.501855000853538513e-02 3.071244657039642334e-01
9.718057699501514435e-03 -4.501855000853538513e-02 3.071244657039642334e-01
9.718057699501514435e-03 -4.501855000853538513e-02 3.071244657039642334e-01
7.361966371536254883e-02 -1.408559530973434448e-01 3.216125667095184326e-01
7.361966371536254883e-02 -1.408559530973434448e-01 3.216125667095184326e-01
-1.109560951590538025e-01 -7.104512304067611694e-02 3.154034018516540527e-01
6.170123070478439331e-02 -6.790554523468017578e-02 3.063246011734008789e-01
6.170123070478439331e-02 -6.790554523468017578e-02 3.063246011734008789e-01
9.110736846923828125e-02 -6.888540834188461304e-02 3.095141649246215820e-01
9.110736846923828125e-02 -6.888540834188461304e-02 3.095141649246215820e-01
-5.646324902772903442e-02 -6.448598951101303101e-02 3.042148649692535400e-01
-5.646324902772903442e-02 -6.448598951101303101e-02 3.042148649692535400e-01
1.363814175128936768e-01 -5.980660766363143921e-02 3.143235146999359131e-01
1.363814175128936768e-01 -5.980660766363143921e-02 3.143235146999359131e-01
3.564465418457984924e-02 -6.251624971628189087e-02 2.983056306838989258e-01
3.564465418457984924e-02 -6.251624971628189087e-02 2.983056306838989258e-01
1.187437325716018677e-01 -5.193763971328735352e-02 3.055446743965148926e-01
2.160809338092803955e-01 -1.166591346263885498e-01 3.339509665966033936e-01
2.027326971292495728e-01 -6.888540834188461304e-02 3.174631297588348389e-01
8.760782331228256226e-02 -1.452353894710540771e-01 3.032849729061126709e-01
8.760782331228256226e-02 -1.452353894710540771e-01 3.032849729061126709e-01
1.701269745826721191e-01 -1.451753824949264526e-01 3.179530501365661621e-01
1.701269745826721191e-01 -1.451753824949264526e-01 3.179530501365661621e-01
1.997670903801918030e-02 -7.361479103565216064e-02 2.857273221015930176e-01
-2.089792117476463318e-02 -7.835416495800018311e-02 2.836275696754455566e-01
2.549858391284942627e-01 -8.735298365354537964e-02 3.312713205814361572e-01
2.549858391284942627e-01 -8.735298365354537964e-02 3.312713205814361572e-01
2.532360553741455078e-01 -1.263978630304336548e-01 3.366006016731262207e-01
2.532360553741455078e-01 -1.263978630304336548e-01 3.366006016731262207e-01
5.983147397637367249e-02 -4.250888153910636902e-02 2.800580561161041260e-01
3.416484594345092773e-02 -4.814814031124114990e-02 2.776883542537689209e-01
6.092133373022079468e-02 -7.839416712522506714e-02 2.798880636692047119e-01
7.460953295230865479e-02 -1.410759240388870239e-01 2.861272394657135010e-01
-7.812040299177169800e-02 -1.155492812395095825e-01 2.818078100681304932e-01
-7.812040299177169800e-02 -1.155492812395095825e-01 2.818078100681304932e-01
-7.812040299177169800e-02 -1.155492812395095825e-01 2.818078100681304932e-01
-7.812040299177169800e-02 -1.155492812395095825e-01 2.818078100681304932e-01
1.095449477434158325e-01 -7.186502218246459961e-02 2.795681059360504150e-01
-2.927681989967823029e-02 -5.025786161422729492e-02 2.698093950748443604e-01
-2.927681989967823029e-02 -5.025786161422729492e-02 2.698093950748443604e-01
-2.927681989967823029e-02 -5.025786161422729492e-02 2.698093950748443604e-01
6.121129170060157776e-02 -1.206986084580421448e-01 2.788082063198089600e-01
6.121129170060157776e-02 -1.206986084580421448e-01 2.788082063198089600e-01
2.383980005979537964e-01 -6.927536427974700928e-02 3.094441890716552734e-01
1.368113607168197632e-01 -3.977923840284347534e-02 2.797880768775939941e-01
2.746532261371612549e-01 -1.209685653448104858e-01 3.277217745780944824e-01
2.746532261371612549e-01 -1.209685653448104858e-01 3.277217745780944824e-01
2.746532261371612549e-01 -1.209685653448104858e-01 3.277217745780944824e-01
9.498685598373413086e-02 -1.183489114046096802e-01 2.775983512401580811e-01
9.498685598373413086e-02 -1.183489114046096802e-01 2.775983512401580811e-01
9.498685598373413086e-02 -1.183489114046096802e-01 2.775983512401580811e-01
9.498685598373413086e-02 -1.183489114046096802e-01 2.775983512401580811e-01
-3.764571622014045715e-02 -1.066604480147361755e-01 2.686695456504821777e-01
2.575555145740509033e-01 -1.129596158862113953e-01 3.141235411167144775e-01
1.017859578132629395e-01 -9.954138845205307007e-02 2.705492675304412842e-01
1.017859578132629395e-01 -9.954138845205307007e-02 2.705492675304412842e-01
1.560688167810440063e-01 -1.463052332401275635e-01 2.882269620895385742e-01
1.560688167810440063e-01 -1.463052332401275635e-01 2.882269620895385742e-01
1.314320564270019531e-01 -9.330220520496368408e-02 2.722590565681457520e-01
1.258627921342849731e-01 -1.371564418077468872e-01 2.773783802986145020e-01
1.258627921342849731e-01 -1.371564418077468872e-01 2.773783802986145020e-01
1.258627921342849731e-01 -1.371564418077468872e-01 2.773783802986145020e-01
1.783159077167510986e-01 -5.946665257215499878e-02 2.758385837078094482e-01
1.783159077167510986e-01 -5.946665257215499878e-02 2.758385837078094482e-01
2.665043175220489502e-01 -7.698435336351394653e-02 3.037949204444885254e-01
2.665043175220489502e-01 -7.698435336351394653e-02 3.037949204444885254e-01
1.446743309497833252e-02 -4.729824885725975037e-02 2.493620812892913818e-01
2.050423920154571533e-01 -8.618313819169998169e-02 2.811478972434997559e-01
2.482967078685760498e-01 -1.044507399201393127e-01 2.949660718441009521e-01
2.482967078685760498e-01 -1.044507399201393127e-01 2.949660718441009521e-01
7.402960956096649170e-02 -6.696566194295883179e-02 2.515817880630493164e-01
2.715436518192291260e-01 -1.298174113035202026e-01 3.036149442195892334e-01
2.715436518192291260e-01 -1.298174113035202026e-01 3.036149442195892334e-01
2.239199131727218628e-01 -1.289375126361846924e-01 2.828076779842376709e-01
1.603982597589492798e-01 -4.507854208350181580e-02 2.545613944530487061e-01
-7.799641694873571396e-03 -5.068780854344367981e-02 2.371636778116226196e-01
2.658543884754180908e-01 -7.086515426635742188e-02 2.828976511955261230e-01
5.179253220558166504e-02 -5.753690749406814575e-02 2.328442335128784180e-01
1.329418569803237915e-01 -4.359873756766319275e-02 2.364037781953811646e-01
2.229800373315811157e-01 -5.604710429906845093e-02 2.542514204978942871e-01
2.229800373315811157e-01 -5.604710429906845093e-02 2.542514204978942871e-01
2.229800373315811157e-01 -5.604710429906845093e-02 2.542514204978942871e-01
2.229800373315811157e-01 -5.604710429906845093e-02 2.542514204978942871e-01
8.224853128194808960e-02 -6.910538673400878906e-02 2.245653271675109863e-01
3.812432661652565002e-02 -1.589935719966888428e-01 2.342340648174285889e-01
3.812432661652565002e-02 -1.589935719966888428e-01 2.342340648174285889e-01
-5.476346984505653381e-02 -8.673306554555892944e-02 2.235454618930816650e-01
-2.191778644919395447e-02 -5.774687975645065308e-02 2.161864340305328369e-01
-2.191778644919395447e-02 -5.774687975645065308e-02 2.161864340305328369e-01
1.024958714842796326e-01 -5.340744927525520325e-02 2.182461619377136230e-01
2.542599290609359741e-02 -7.362478971481323242e-02 2.111171036958694458e-01
-2.570728957653045654e-02 -8.958268910646438599e-02 2.116970270872116089e-01
-2.570728957653045654e-02 -8.958268910646438599e-02 2.116970270872116089e-01
-2.570728957653045654e-02 -8.958268910646438599e-02 2.116970270872116089e-01
1.942238211631774902e-01 -7.357479631900787354e-02 2.317943871021270752e-01
1.942238211631774902e-01 -7.357479631900787354e-02 2.317943871021270752e-01
1.942238211631774902e-01 -7.357479631900787354e-02 2.317943871021270752e-01
1.797857135534286499e-01 -4.611840844154357910e-02 2.201258987188339233e-01
1.432005167007446289e-01 -4.739823937416076660e-02 2.077075392007827759e-01
8.772780746221542358e-02 -4.543849825859069824e-02 1.984287649393081665e-01
-2.006398135563358665e-04 -5.593711510300636292e-02 1.900798529386520386e-01
2.111615836620330811e-01 -7.146507501602172852e-02 2.182561606168746948e-01
1.139843612909317017e-01 -5.080778896808624268e-02 1.935094147920608521e-01
1.139843612909317017e-01 -5.080778896808624268e-02 1.935094147920608521e-01
6.725049763917922974e-02 -5.593711510300636292e-02 1.854404658079147339e-01
2.264635823667049408e-02 -5.602710321545600891e-02 1.826208382844924927e-01
2.264635823667049408e-02 -5.602710321545600891e-02 1.826208382844924927e-01
2.264635823667049408e-02 -5.602710321545600891e-02 1.826208382844924927e-01
2.377980947494506836e-01 -5.407736077904701233e-02 2.164663970470428467e-01
2.377980947494506836e-01 -5.407736077904701233e-02 2.164663970470428467e-01
2.377980947494506836e-01 -5.407736077904701233e-02 2.164663970470428467e-01
8.729787170886993408e-02 -6.800552457571029663e-02 1.840506494045257568e-01
8.729787170886993408e-02 -6.800552457571029663e-02 1.840506494045257568e-01
6.554072350263595581e-02 -8.178371936082839966e-02 1.826708316802978516e-01
1.674473285675048828e-01 -4.997789859771728516e-02 1.895299255847930908e-01
1.674473285675048828e-01 -4.997789859771728516e-02 1.895299255847930908e-01
1.674473285675048828e-01 -4.997789859771728516e-02 1.895299255847930908e-01
-5.869895219802856445e-03 -6.856545060873031616e-02 1.670029014348983765e-01
-5.869895219802856445e-03 -6.856545060873031616e-02 1.670029014348983765e-01
1.733165532350540161e-01 -7.563452422618865967e-02 1.814809888601303101e-01
6.648060679435729980e-02 -7.031521946191787720e-02 1.648731678724288940e-01
6.923023611307144165e-02 -1.005912423133850098e-01 1.665829420089721680e-01
3.840428963303565979e-02 -1.962386816740036011e-01 1.807210892438888550e-01
2.386179715394973755e-01 -7.019523531198501587e-02 1.933894157409667969e-01
2.386179715394973755e-01 -7.019523531198501587e-02 1.933894157409667969e-01
4.598329216241836548e-02 -1.669225245714187622e-01 1.731020957231521606e-01
2.167608588933944702e-01 -5.186764895915985107e-02 1.849505305290222168e-01
2.167608588933944702e-01 -5.186764895915985107e-02 1.849505305290222168e-01
7.532943785190582275e-02 -2.025878429412841797e-01 1.830007880926132202e-01
6.475082784891128540e-02 -1.772011816501617432e-01 1.749518513679504395e-01
6.475082784891128540e-02 -1.772011816501617432e-01 1.749518513679504395e-01
6.475082784891128540e-02 -1.772011816501617432e-01 1.749518513679504395e-01
9.903632849454879761e-02 -1.804007738828659058e-01 1.788413226604461670e-01
1.110947430133819580e-01 -7.944402098655700684e-02 1.641832739114761353e-01
1.110947430133819580e-01 -7.944402098655700684e-02 1.641832739114761353e-01
6.562071293592453003e-02 -1.217984557151794434e-01 1.611836552619934082e-01
6.562071293592453003e-02 -1.217984557151794434e-01 1.611836552619934082e-01
6.562071293592453003e-02 -1.217984557151794434e-01 1.611836552619934082e-01
1.948837339878082275e-01 -5.150770023465156555e-02 1.729221194982528687e-01
1.948837339878082275e-01 -5.150770023465156555e-02 1.729221194982528687e-01
6.194119900465011597e-02 -1.562139391899108887e-01 1.620635390281677246e-01
8.476819843053817749e-02 -1.334069371223449707e-01 1.594038903713226318e-01
8.476819843053817749e-02 -1.334069371223449707e-01 1.594038903713226318e-01
9.523682296276092529e-02 -8.037390559911727905e-02 1.491352319717407227e-01
9.523682296276092529e-02 -8.037390559911727905e-02 1.491352319717407227e-01
9.523682296276092529e-02 -8.037390559911727905e-02 1.491352319717407227e-01
9.523682296276092529e-02 -8.037390559911727905e-02 1.491352319717407227e-01
1.670973747968673706e-01 -4.747822880744934082e-02 1.575341373682022095e-01
-3.943548351526260376e-02 -6.069649383425712585e-02 1.403763741254806519e-01
2.067621648311614990e-01 -7.569451630115509033e-02 1.654130965471267700e-01
2.555657327175140381e-01 -5.589712038636207581e-02 1.773215383291244507e-01
2.276394218206405640e-01 -8.451335877180099487e-02 1.669128984212875366e-01
1.862848550081253052e-01 -9.041258692741394043e-02 1.569742113351821899e-01
1.862848550081253052e-01 -9.041258692741394043e-02 1.569742113351821899e-01
1.894144415855407715e-01 -5.120773613452911377e-02 1.526547670364379883e-01
1.058254316449165344e-01 -5.695698037743568420e-02 1.367568522691726685e-01
7.838904112577438354e-02 -1.718618869781494141e-01 1.450157910585403442e-01
7.838904112577438354e-02 -1.718618869781494141e-01 1.450157910585403442e-01
3.439481556415557861e-02 -1.854901015758514404e-01 1.432960033416748047e-01
2.532160580158233643e-01 -7.577450573444366455e-02 1.631833910942077637e-01
5.635193362832069397e-02 -7.233496010303497314e-02 1.243284940719604492e-01
6.038140505552291870e-02 -1.355866491794586182e-01 1.320574879646301270e-01
6.038140505552291870e-02 -1.355866491794586182e-01 1.320574879646301270e-01
6.109131127595901489e-02 -2.469122037291526794e-02 1.203290224075317383e-01
4.814301058650016785e-02 -2.017279714345932007e-01 1.416362226009368896e-01
4.814301058650016785e-02 -2.017279714345932007e-01 1.416362226009368896e-01
4.814301058650016785e-02 -2.017279714345932007e-01 1.416362226009368896e-01
9.092143736779689789e-04 -3.764951601624488831e-02 1.174094080924987793e-01
9.092143736779689789e-04 -3.764951601624488831e-02 1.174094080924987793e-01
9.092143736779689789e-04 -3.764951601624488831e-02 1.174094080924987793e-01
1.208934485912322998e-01 1.165383961051702499e-03 1.247184425592422485e-01
-8.739517070353031158e-03 3.545087948441505432e-02 1.168894767761230469e-01
3.637455403804779053e-02 -4.008919745683670044e-02 1.165795102715492249e-01
6.718050688505172729e-02 -9.089251607656478882e-02 1.217688322067260742e-01
2.883554436266422272e-02 -1.681223809719085693e-01 1.309476345777511597e-01
1.749463528394699097e-01 -4.898802563548088074e-02 1.319175064563751221e-01
1.749463528394699097e-01 -4.898802563548088074e-02 1.319175064563751221e-01
1.749463528394699097e-01 -4.898802563548088074e-02 1.319175064563751221e-01
-1.150255575776100159e-01 -1.549242716282606125e-02 1.202290356159210205e-01
-1.150255575776100159e-01 -1.549242716282606125e-02 1.202290356159210205e-01
-1.150255575776100159e-01 -1.549242716282606125e-02 1.202290356159210205e-01
-1.150255575776100159e-01 -1.549242716282606125e-02 1.202290356159210205e-01
-2.904685027897357941e-02 -6.936534494161605835e-02 1.136998906731605530e-01
-2.904685027897357941e-02 -6.936534494161605835e-02 1.136998906731605530e-01
-2.904685027897357941e-02 -6.936534494161605835e-02 1.136998906731605530e-01
2.382280379533767700e-01 -8.748297393321990967e-02 1.474154591560363770e-01
1.771460473537445068e-01 -9.358216822147369385e-02 1.327873766422271729e-01
1.514994204044342041e-01 -2.600104548037052155e-02 1.222087740898132324e-01
3.609459474682807922e-02 5.502830445766448975e-02 1.111302301287651062e-01
-8.532945066690444946e-02 4.705935344099998474e-02 1.133699342608451843e-01
-8.532945066690444946e-02 4.705935344099998474e-02 1.133699342608451843e-01
-6.094265729188919067e-02 3.829050809144973755e-02 1.092304810881614685e-01
8.465821295976638794e-02 -6.635574251413345337e-02 1.120301112532615662e-01
4.813301190733909607e-02 -1.496048122644424438e-01 1.191591769456863403e-01
4.813301190733909607e-02 -1.496048122644424438e-01 1.191591769456863403e-01
-5.031405761837959290e-02 -6.160637363791465759e-02 1.081406176090240479e-01
-5.031405761837959290e-02 -6.160637363791465759e-02 1.081406176090240479e-01
-1.266040354967117310e-01 -4.214892908930778503e-02 1.145697757601737976e-01
1.604782491922378540e-01 1.340377610176801682e-02 1.167194992303848267e-01
-1.721980571746826172e-01 2.251257933676242828e-02 1.183792799711227417e-01
2.649345099925994873e-01 -7.742428779602050781e-02 1.446258276700973511e-01
2.649345099925994873e-01 -7.742428779602050781e-02 1.446258276700973511e-01
7.132995873689651489e-02 -1.606633663177490234e-01 1.180893182754516602e-01
2.904551662504673004e-02 -7.053519040346145630e-02 1.039511710405349731e-01
2.904551662504673004e-02 -7.053519040346145630e-02 1.039511710405349731e-01
2.904551662504673004e-02 -7.053519040346145630e-02 1.039511710405349731e-01
2.904551662504673004e-02 -7.053519040346145630e-02 1.039511710405349731e-01
2.904551662504673004e-02 -7.053519040346145630e-02 1.039511710405349731e-01
2.225600928068161011e-01 -6.317616254091262817e-02 1.291078776121139526e-01
1.887645274400711060e-01 -1.214286778122186661e-02 1.187392249703407288e-01
1.044256165623664856e-01 5.855784192681312561e-02 1.063208580017089844e-01
1.044256165623664856e-01 5.855784192681312561e-02 1.063208580017089844e-01
9.240719676017761230e-02 -1.024110019207000732e-01 1.078006625175476074e-01
1.624179929494857788e-01 -4.091908782720565796e-02 1.125800386071205139e-01
1.624179929494857788e-01 -4.091908782720565796e-02 1.125800386071205139e-01
1.624179929494857788e-01 -4.091908782720565796e-02 1.125800386071205139e-01
1.624179929494857788e-01 -4.091908782720565796e-02 1.125800386071205139e-01
1.749263554811477661e-01 4.845916852355003357e-02 1.151896938681602478e-01
7.905895262956619263e-02 -8.698303252458572388e-02 1.030712947249412537e-01
1.649576574563980103e-01 -6.234627217054367065e-02 1.124200597405433655e-01
6.831036508083343506e-02 -1.981184333562850952e-01 1.195491254329681396e-01
1.977633535861968994e-01 8.184462785720825195e-03 1.160095930099487305e-01
-2.015801705420017242e-02 7.801529020071029663e-02 9.740203619003295898e-02
-2.015801705420017242e-02 7.801529020071029663e-02 9.740203619003295898e-02
-1.364527493715286255e-01 6.474702805280685425e-02 1.058609187602996826e-01
-1.364527493715286255e-01 6.474702805280685425e-02 1.058609187602996826e-01
-1.364527493715286255e-01 6.474702805280685425e-02 1.058609187602996826e-01
-1.149755641818046570e-01 -6.493593007326126099e-02 1.013315171003341675e-01
-5.491345375776290894e-02 -1.200286969542503357e-01 1.011015474796295166e-01
-5.491345375776290894e-02 -1.200286969542503357e-01 1.011015474796295166e-01
-3.141653537750244141e-02 -1.114098280668258667e-01 9.774199128150939941e-02
-3.141653537750244141e-02 -1.114098280668258667e-01 9.774199128150939941e-02
1.840951442718505859e-01 -6.965531408786773682e-02 1.108602657914161682e-01
1.840951442718505859e-01 -6.965531408786773682e-02 1.108602657914161682e-01
-7.175123691558837891e-02 8.147483319044113159e-02 9.527231007814407349e-02
-9.477821737527847290e-02 -8.678305894136428833e-02 9.785197675228118896e-02
-9.477821737527847290e-02 -8.678305894136428833e-02 9.785197675228118896e-02
1.280425041913986206e-01 6.256731599569320679e-02 9.988170862197875977e-02
1.280425041913986206e-01 6.256731599569320679e-02 9.988170862197875977e-02
1.280425041913986206e-01 6.256731599569320679e-02 9.988170862197875977e-02
-1.730379313230514526e-01 5.989766865968704224e-02 1.071807444095611572e-01
7.878299802541732788e-03 -1.206186115741729736e-01 9.611219912767410278e-02
7.878299802541732788e-03 -1.206186115741729736e-01 9.611219912767410278e-02
7.878299802541732788e-03 -1.206186115741729736e-01 9.611219912767410278e-02
7.878299802541732788e-03 -1.206186115741729736e-01 9.611219912767410278e-02
7.878299802541732788e-03 -1.206186115741729736e-01 9.611219912767410278e-02
2.320888340473175049e-01 -9.057255834341049194e-02 1.223587617278099060e-01
5.896158888936042786e-02 -3.408998623490333557e-02 8.910312503576278687e-02
-2.044338136911392212e-01 5.493832007050514221e-02 1.093204617500305176e-01
-2.044338136911392212e-01 5.493832007050514221e-02 1.093204617500305176e-01
-2.044338136911392212e-01 5.493832007050514221e-02 1.093204617500305176e-01
-2.044338136911392212e-01 5.493832007050514221e-02 1.093204617500305176e-01
7.387962937355041504e-02 -7.244494557380676270e-02 9.034296125173568726e-02
-1.500209569931030273e-01 -5.812682583928108215e-02 9.773199260234832764e-02
-1.500209569931030273e-01 -5.812682583928108215e-02 9.773199260234832764e-02
2.168108522891998291e-01 5.327853560447692871e-02 1.104903146624565125e-01
2.168108522891998291e-01 5.327853560447692871e-02 1.104903146624565125e-01
1.238130703568458557e-01 -9.189239144325256348e-02 9.466239064931869507e-02
-1.112260520458221436e-01 8.314462006092071533e-02 9.013298898935317993e-02
-9.141865372657775879e-02 8.585426211357116699e-02 8.784329146146774292e-02
-9.699392132461071014e-03 8.583426475524902344e-02 8.138413727283477783e-02
-2.427487820386886597e-01 2.568216435611248016e-02 1.096804216504096985e-01
-1.564901024103164673e-01 -8.170372247695922852e-02 9.385249763727188110e-02
2.565596438944339752e-02 4.982899129390716553e-02 7.849451899528503418e-02
2.565596438944339752e-02 4.982899129390716553e-02 7.849451899528503418e-02
3.793435171246528625e-02 -2.549111284315586090e-02 7.774461805820465088e-02
3.793435171246528625e-02 -2.549111284315586090e-02 7.774461805820465088e-02
1.708668917417526245e-01 -1.029709279537200928e-01 9.828191995620727539e-02
7.244981825351715088e-02 8.316461741924285889e-02 8.302392065525054932e-02
7.244981825351715088e-02 8.316461741924285889e-02 8.302392065525054932e-02
2.540959417819976807e-01 -5.819682031869888306e-02 1.135499104857444763e-01
2.610250115394592285e-01 -9.107249230146408081e-02 1.169994622468948364e-01
2.610250115394592285e-01 -9.107249230146408081e-02 1.169994622468948364e-01
-1.817267984151840210e-01 -6.467596441507339478e-02 9.384249895811080933e-02
2.522561848163604736e-01 3.050153143703937531e-02 1.088405326008796692e-01
2.782627642154693604e-01 -5.122773721814155579e-02 1.162895560264587402e-01
2.039725333452224731e-01 7.070624828338623047e-02 9.738203883171081543e-02
2.039725333452224731e-01 7.070624828338623047e-02 9.738203883171081543e-02
1.621880233287811279e-01 -6.172635406255722046e-02 8.785329014062881470e-02
1.621880233287811279e-01 -6.172635406255722046e-02 8.785329014062881470e-02
1.621880233287811279e-01 -6.172635406255722046e-02 8.785329014062881470e-02
-2.226414233446121216e-01 7.608553767204284668e-02 1.003616452217102051e-01
-2.226414233446121216e-01 7.608553767204284668e-02 1.003616452217102051e-01
-6.976149976253509521e-02 9.340326488018035889e-02 7.553490251302719116e-02
1.186037585139274597e-01 -6.768557429313659668e-02 7.739465683698654175e-02
-2.846032679080963135e-01 4.259993880987167358e-02 1.117701455950737000e-01
-1.691484600305557251e-01 8.475440740585327148e-02 8.549360185861587524e-02
-1.691484600305557251e-01 8.475440740585327148e-02 8.549360185861587524e-02
2.402777671813964844e-01 -1.185788810253143311e-01 1.042111441493034363e-01
2.402777671813964844e-01 -1.185788810253143311e-01 1.042111441493034363e-01
5.829167738556861877e-02 -8.019392192363739014e-02 7.024560123682022095e-02
-1.033270880579948425e-01 -1.175690144300460815e-01 7.713469862937927246e-02
2.878555282950401306e-02 -3.827943652868270874e-02 6.469632685184478760e-02
3.422483801841735840e-02 -1.326670199632644653e-01 7.344517856836318970e-02
1.394310146570205688e-01 -6.051651388406753540e-02 7.575487345457077026e-02
1.394310146570205688e-01 -6.051651388406753540e-02 7.575487345457077026e-02
-2.146824598312377930e-01 -6.232627853751182556e-02 9.013298898935317993e-02
2.017428129911422729e-01 -5.419734492897987366e-02 8.573356270790100098e-02
2.017428129911422729e-01 -5.419734492897987366e-02 8.573356270790100098e-02
-5.970282480120658875e-02 -1.174390316009521484e-01 7.140544801950454712e-02
-5.970282480120658875e-02 -1.174390316009521484e-01 7.140544801950454712e-02
-5.970282480120658875e-02 -1.174390316009521484e-01 7.140544801950454712e-02
-1.849823631346225739e-02 -1.302673518657684326e-01 7.003562897443771362e-02
-1.849823631346225739e-02 -1.302673518657684326e-01 7.003562897443771362e-02
1.570886969566345215e-01 9.497305750846862793e-02 7.871448993682861328e-02
-1.943251490592956543e-01 -8.773293346166610718e-02 8.333388715982437134e-02
-2.804038226604461670e-01 -3.599973767995834351e-02 1.021914035081863403e-01
-2.493379265069961548e-01 5.575821176171302795e-02 9.406246989965438843e-02
1.213233992457389832e-01 4.628945514559745789e-02 6.575619429349899292e-02
1.213233992457389832e-01 4.628945514559745789e-02 6.575619429349899292e-02
1.213233992457389832e-01 4.628945514559745789e-02 6.575619429349899292e-02
1.213233992457389832e-01 4.628945514559745789e-02 6.575619429349899292e-02
7.901895791292190552e-02 9.735274314880371094e-02 6.446635723114013672e-02
-1.619493961334228516e-01 -9.516195952892303467e-02 7.386513054370880127e-02
1.932139545679092407e-01 8.204475790262222290e-02 7.785459607839584351e-02
3.400446474552154541e-01 -4.576845094561576843e-02 1.186492443084716797e-01
8.254849165678024292e-02 4.222998768091201782e-02 5.840715393424034119e-02
2.757830917835235596e-01 -1.079402789473533630e-01 1.009315699338912964e-01
3.533828854560852051e-01 -2.994052879512310028e-02 1.172594204545021057e-01
-3.037507534027099609e-01 -4.246888309717178345e-02 9.803195297718048096e-02
-3.037507534027099609e-01 -4.246888309717178345e-02 9.803195297718048096e-02
2.697739005088806152e-01 4.918907210230827332e-02 8.752333372831344604e-02
2.697739005088806152e-01 4.918907210230827332e-02 8.752333372831344604e-02
2.697739005088806152e-01 4.918907210230827332e-02 8.752333372831344604e-02
2.611950337886810303e-01 -1.195087656378746033e-01 9.119284898042678833e-02
2.611950337886810303e-01 -1.195087656378746033e-01 9.119284898042678833e-02
2.398078292608261108e-01 -1.046107187867164612e-01 8.220403641462326050e-02
-2.472082078456878662e-01 9.133354574441909790e-02 8.273395895957946777e-02
-2.472082078456878662e-01 9.133354574441909790e-02 8.273395895957946777e-02
1.420006752014160156e-01 -1.028509512543678284e-01 6.120679154992103577e-02
-2.866530120372772217e-01 8.009501546621322632e-02 9.222271293401718140e-02
-2.866530120372772217e-01 8.009501546621322632e-02 9.222271293401718140e-02
3.732503056526184082e-01 -2.312142401933670044e-02 1.208889409899711609e-01
1.932739317417144775e-01 -1.053306236863136292e-01 6.940571218729019165e-02
1.932739317417144775e-01 -1.053306236863136292e-01 6.940571218729019165e-02
3.052192330360412598e-01 -1.098200380802154541e-01 1.002916544675827026e-01
3.293500840663909912e-02 -1.148793622851371765e-01 5.049819499254226685e-02
3.293500840663909912e-02 -1.148793622851371765e-01 5.049819499254226685e-02
3.293500840663909912e-02 -1.148793622851371765e-01 5.049819499254226685e-02
3.157278299331665039e-01 -5.392738059163093567e-02 9.708207100629806519e-02
-1.421619951725006104e-01 -1.070503965020179749e-01 5.769724771380424500e-02
-3.553240001201629639e-01 1.418367307633161545e-02 1.085405722260475159e-01
-6.652192771434783936e-02 1.120108217000961304e-01 4.894839972257614136e-02
-1.210747584700584412e-01 1.052317172288894653e-01 5.351779982447624207e-02
3.444480895996093750e-02 4.726932570338249207e-02 4.136939346790313721e-02
1.870347559452056885e-01 -5.844678729772567749e-02 5.978697538375854492e-02
2.109116315841674805e-01 -1.251380294561386108e-01 7.091551274061203003e-02
2.425474673509597778e-01 -1.299273967742919922e-01 7.913443446159362793e-02
2.825122177600860596e-01 -7.592448592185974121e-02 8.409377932548522949e-02
2.825122177600860596e-01 -7.592448592185974121e-02 8.409377932548522949e-02
8.248849958181381226e-02 -3.400999680161476135e-02 4.190932214260101318e-02
-3.336868286132812500e-01 7.010632753372192383e-02 9.976172447204589844e-02
-3.336868286132812500e-01 7.010632753372192383e-02 9.976172447204589844e-02
1.055254712700843811e-01 -1.288775354623794556e-01 5.172803252935409546e-02
-3.560339212417602539e-01 3.803053870797157288e-02 1.053109914064407349e-01
-3.560339212417602539e-01 3.803053870797157288e-02 1.053109914064407349e-01
2.276094257831573486e-01 -5.945665389299392700e-02 6.476631760597229004e-02
2.276094257831573486e-01 -5.945665389299392700e-02 6.476631760597229004e-02
3.980170488357543945e-01 2.355061296839267015e-04 1.214888691902160645e-01
-2.297205030918121338e-01 5.207869410514831543e-02 6.413640081882476807e-02
-2.297205030918121338e-01 5.207869410514831543e-02 6.413640081882476807e-02
-2.297205030918121338e-01 5.207869410514831543e-02 6.413640081882476807e-02
1.630578935146331787e-01 -1.026709750294685364e-01 5.437768250703811646e-02
3.359451889991760254e-01 7.222605496644973755e-02 9.688210487365722656e-02
3.359451889991760254e-01 7.222605496644973755e-02 9.688210487365722656e-02
3.359451889991760254e-01 7.222605496644973755e-02 9.688210487365722656e-02
-2.210316359996795654e-01 1.030220091342926025e-01 6.496629863977432251e-02
-1.003774777054786682e-01 4.805922135710716248e-02 3.969961404800415039e-02
-8.280978351831436157e-02 -1.276876777410507202e-01 4.495892301201820374e-02
-8.280978351831436157e-02 -1.276876777410507202e-01 4.495892301201820374e-02
-8.280978351831436157e-02 -1.276876777410507202e-01 4.495892301201820374e-02
-1.926253736019134521e-01 -1.040707901120185852e-01 5.791722238063812256e-02
2.636947035789489746e-01 -6.229627877473831177e-02 7.034558802843093872e-02
-3.373363614082336426e-01 -4.454861208796501160e-02 9.279263764619827271e-02
-2.749945521354675293e-01 4.945904016494750977e-02 7.216535508632659912e-02
3.980370163917541504e-01 -2.437126077711582184e-02 1.167894899845123291e-01
1.182337999343872070e-01 -6.690566986799240112e-02 4.041951894760131836e-02
9.493686258792877197e-02 -8.895277976989746094e-02 3.900970146059989929e-02
3.320497274398803711e-02 -7.219497859477996826e-02 3.212060779333114624e-02
3.320497274398803711e-02 -7.219497859477996826e-02 3.212060779333114624e-02
-3.178689181804656982e-01 5.378846824169158936e-02 8.247399330139160156e-02
7.998882979154586792e-02 -6.414603441953659058e-02 3.262054547667503357e-02
7.998882979154586792e-02 -6.414603441953659058e-02 3.262054547667503357e-02
-3.958386778831481934e-01 3.059151768684387207e-02 1.110402420163154602e-01
-3.958386778831481934e-01 3.059151768684387207e-02 1.110402420163154602e-01
-3.958386778831481934e-01 3.059151768684387207e-02 1.110402420163154602e-01
-2.278207540512084961e-01 -9.431207180023193359e-02 5.677736923098564148e-02
-2.278207540512084961e-01 -9.431207180023193359e-02 5.677736923098564148e-02
